151 226
153 252
157 280
161 306
168 331
182 355
198 375
218 391
245 397
272 395
293 379
310 359
325 336
334 312
340 286
346 260
350 233
169 212
182 196
201 190
223 192
243 200
271 202
290 198
309 198
327 205
336 222
255 219
253 238
252 257
251 276
229 286
239 291
250 295
261 292
271 288
195 220
205 213
218 214
229 222
217 224
204 224
278 226
290 218
302 220
311 226
302 230
290 229
216 324
227 318
240 314
249 318
260 315
273 321
284 328
273 336
260 341
248 341
238 340
227 334
221 325
239 324
249 326
260 325
279 327
260 326
249 328
239 325
151 226
153 252
157 280
161 306
168 331
182 355
198 375
218 391
245 397
272 395
293 379
310 359
325 336
334 312
340 286
346 260
350 233
169 212
182 196
201 190
223 192
243 200
271 202
290 198
309 198
327 205
336 222
255 219
253 238
252 257
251 276
229 286
239 291
250 295
261 292
271 288
195 220
205 213
218 214
229 222
217 224
204 224
278 226
290 218
302 220
311 226
302 230
290 229
216 324
227 318
240 314
249 318
260 315
273 321
284 328
273 336
260 341
248 341
238 340
227 334
221 325
239 324
249 326
260 325
279 327
260 326
249 328
239 325
151 226
153 252
157 280
161 306
168 331
182 355
198 375
218 391
245 397
272 395
293 379
310 359
325 336
334 312
340 286
346 260
350 233
169 212
182 196
201 190
223 192
243 200
271 202
290 198
309 198
327 205
336 222
255 219
253 238
252 257
251 276
229 286
239 291
250 295
261 292
271 288
195 220
205 213
218 214
229 222
217 224
204 224
278 226
290 218
302 220
311 226
302 230
290 229
216 324
227 318
240 314
249 318
260 315
273 321
284 328
273 336
260 341
248 341
238 340
227 334
221 325
239 324
249 326
260 325
279 327
260 326
249 328
239 325
151 226
153 252
157 280
161 306
168 331
182 355
198 375
218 391
245 397
272 395
293 379
310 359
325 336
334 312
340 286
346 260
350 233
169 212
182 196
201 190
223 192
243 200
271 202
290 198
309 198
327 205
336 222
255 219
253 238
252 257
251 276
229 286
239 291
250 295
261 292
271 288
195 220
205 213
218 214
229 222
217 224
204 224
278 226
290 218
302 220
311 226
302 230
290 229
216 324
227 318
240 314
249 318
260 315
273 321
284 328
273 336
260 341
248 341
238 340
227 334
221 325
239 324
249 326
260 325
279 327
260 326
249 328
239 325
151 226
153 252
157 280
161 306
168 331
182 355
198 375
218 391
245 397
272 395
293 379
310 359
325 336
334 312
340 286
346 260
350 233
169 212
182 196
201 190
223 192
243 200
271 202
290 198
309 198
327 205
336 222
255 219
253 238
252 257
251 276
229 286
239 291
250 295
261 292
271 288
195 220
205 213
218 214
229 222
217 224
204 224
278 226
290 218
302 220
311 226
302 230
290 229
216 324
227 318
240 314
249 318
260 315
273 321
284 328
273 336
260 341
248 341
238 340
227 334
221 325
239 324
249 326
260 325
279 327
260 326
249 328
239 325
380 264
379 310
380 356
386 399
401 441
421 479
445 511
470 535
502 545
535 542
564 521
590 495
614 465
634 431
649 393
660 354
668 313
416 282
437 271
466 272
493 281
518 295
552 305
579 300
607 299
632 306
646 324
530 324
527 352
524 381
521 411
485 410
500 421
517 431
536 426
551 419
445 302
462 296
480 299
496 316
477 316
458 313
560 329
578 317
597 319
612 329
596 336
577 333
465 447
481 448
498 452
513 458
527 456
543 459
558 465
539 478
523 482
508 483
493 478
477 466
473 449
497 457
512 462
526 461
550 465
525 469
510 470
495 464
117 93
115 119
117 144
120 170
127 196
137 220
152 242
169 258
192 265
215 263
236 249
253 230
266 207
276 182
283 157
288 131
290 106
131 99
143 87
161 87
179 91
197 97
214 101
232 98
250 96
268 100
279 112
204 111
203 130
202 149
201 169
179 170
188 176
198 180
209 178
220 175
151 104
160 101
171 102
181 110
169 111
158 110
226 115
236 109
247 110
257 115
247 120
236 119
166 202
177 200
188 201
197 204
206 203
215 205
226 209
214 216
203 218
194 218
185 216
175 211
170 203
187 206
196 208
205 208
221 209
204 209
195 209
186 206
151 226
153 252
157 280
161 306
168 331
182 355
198 375
218 391
245 397
272 395
293 379
310 359
325 336
334 312
340 286
346 260
350 233
169 212
182 196
201 190
223 192
243 200
271 202
290 198
309 198
327 205
336 222
255 219
253 238
252 257
251 276
229 286
239 291
250 295
261 292
271 288
195 220
205 213
218 214
229 222
217 224
204 224
278 226
290 218
302 220
311 226
302 230
290 229
216 324
227 318
240 314
249 318
260 315
273 321
284 328
273 336
260 341
248 341
238 340
227 334
221 325
239 324
249 326
260 325
279 327
260 326
249 328
239 325
